Для базового варианта СМО с помощью стандартной программы рассчитать значения вероятностей Pk(t). Определить время переходного процесса для 5% трубки. Построить графики зависимости вероятностей, МО занятых каналов, средней длины очереди, вероятности обслуживания как функции времени.

Расчет Pk(t) с помощью программы:
Параметры системы

Интенсивность входного потока: 10
Число каналов обслуживания: 3
Интенсивность обслуживания заявок: 5
Число мест в очереди: 3

Время	P0	P1	P2	P3	P4	P5	P6	
0,0	1,00000	0,00000	0,00000	0,00000	0,00000	0,00000	0,00000	
0,1	0,45523	0,35822	0,14082	0,03643	0,00769	0,00133	0,00028	
0,2	0,28238	0,35657	0,22398	0,09132	0,03196	0,00919	0,00460	
0,3	0,21098	0,32626	0,24977	0,12337	0,05381	0,01936	0,01645	
0,4	0,17595	0,30129	0,25463	0,13864	0,06784	0,02769	0,03396	
0,5	0,15643	0,28293	0,25223	0,14497	0,07586	0,03370	0,05388	
0,6	0,14435	0,26918	0,24740	0,14689	0,08028	0,03802	0,07388	
0,7	0,13615	0,25847	0,24199	0,14672	0,08272	0,04123	0,09273	
0,8	0,13014	0,24980	0,23670	0,14565	0,08409	0,04372	0,10990	
0,9	0,12547	0,24259	0,23181	0,14425	0,08490	0,04574	0,12525	
1,0	0,12168	0,23649	0,22741	0,14278	0,08541	0,04741	0,13882	
1,1	0,11853	0,23125	0,22350	0,14139	0,08575	0,04883	0,15075	
1,2	0,11585	0,22674	0,22006	0,14011	0,08600	0,05005	0,16120	
1,3	0,11355	0,22282	0,21704	0,13896	0,08619	0,05110	0,17034	
1,4	0,11156	0,21942	0,21440	0,13795	0,08634	0,05201	0,17832	
1,5	0,10984	0,21646	0,21210	0,13705	0,08647	0,05280	0,18529	
1,6	0,10834	0,21388	0,21008	0,13627	0,08657	0,05349	0,19136	
1,7	0,10703	0,21164	0,20833	0,13559	0,08667	0,05408	0,19666	

Время переходного процесса = 1,7c.


	 Значение	 -2.5%		 +2.5%	
P0	 0,12180	 0,11876	 0,12485	 
P1	 0,24361	 0,23752	 0,24970	 
P2	 0,24361	 0,23752	 0,24970	 
P3	 0,16241	 0,15835	 0,16647	 
P4	 0,10827	 0,10556	 0,11098	 
P5	 0,07218	 0,07038	 0,07398	 
P6	 0,04812	 0,04692	 0,04932	 


Математическое ожидание числа занятых каналов

t	0,0	0,1	0,2	0,3	0,4	0,5	0,6	0,7	0,8	0,9	1,0	1,1	1,2	1,3	1,4	1,5	1,6	1,7	
m.оч	0,00000	0,77703	1,21573	1,46477	1,61493	1,71262	1,78119	1,83264	1,87328	1,90660	1,93457	1,95842	1,97893	1,99668	2,01208	2,02547	2,03713	2,04729	


Средняя длина очереди

t	0,0	0,1	0,2	0,3	0,4	0,5	0,6	0,7	0,8	0,9	1,0	1,1	1,2	1,3	1,4	1,5	1,6	1,7	
m.оч	0,00000	0,01118	0,06413	0,14188	0,22510	0,30490	0,37796	0,44336	0,50123	0,55211	0,59669	0,63567	0,66970	0,69941	0,72532	0,74792	0,76763	0,78482	


Вероятность обслуживания как функция времени

t	0,0	0,1	0,2	0,3	0,4	0,5	0,6	0,7	0,8	0,9	1,0	1,1	1,2	1,3	1,4	1,5	1,6	1,7	
Р.обс	1,00000	0,99972	0,99540	0,98355	0,96604	0,94612	0,92612	0,90727	0,89010	0,87475	0,86118	0,84925	0,83880	0,82966	0,82168	0,81471	0,80864	0,80334	


Расчитать основные характеристики СМО в стационарном режиме по формулам финальных вероятностей. Сравнить полученные результаты.
Т.К. число состояний СМО конечно, то в ней существет стационарный режим, и выражения для финальных вероятностей могут быть записаны в следующем виде:

P0 = 0,121804511278195
P1 = 0,243609022556391
P2 = 0,243609022556391
P3 = 0,162406015037594
P4 = 0,108270676691729
P5 = 0,0721804511278195
P6 = 0,0481203007518797

И в сумме они дают единицу.
Расчитываю основные характеристики:
Мат. ожидание канала = 1,90375939849624
Мат. ожидание очереди = 0,396992481203007
Вероятность обслуживания = 0,95187969924812


n = 1, m = 3
P0=0,032258064516129 P1=0,0645161290322581 P2=0,129032258064516 P3=0,258064516129032 P4=0,516129032258065 
m.кан=0,967741935483871 m.оч=2,19354838709677 Pобс=0,483870967741936

n = 3, m = 3
P0=0,121804511278195 P1=0,243609022556391 P2=0,243609022556391 P3=0,162406015037594 P4=0,108270676691729 P5=0,0721804511278195 P6=0,0481203007518797 
m.кан=1,90375939849624 m.оч=0,396992481203007 Pобс=0,95187969924812

n = 4, m = 3
P0=0,131868131868132 P1=0,263736263736264 P2=0,263736263736264 P3=0,175824175824176 P4=0,0879120879120879 P5=0,043956043956044 P6=0,021978021978022 P7=0,010989010989011 
m.кан=1,97802197802198 m.оч=0,120879120879121 Pобс=0,989010989010989

n = 5, m = 3
P0=0,13453397431298 P1=0,26906794862596 P2=0,26906794862596 P3=0,179378632417306 P4=0,0896893162086532 P5=0,0358757264834613 P6=0,0143502905933845 P7=0,00574011623735381 P8=0,00229604649494152 
m.кан=1,99540790701012 m.оч=0,0327186625529167 Pобс=0,997703953505058

n = 6, m = 3
P0=0,13516520191345 P1=0,2703304038269 P2=0,2703304038269 P3=0,180220269217933 P4=0,0901101346089665 P5=0,0360440538435866 P6=0,0120146846145289 P7=0,00400489487150962 P8=0,00133496495716987 P9=0,000444988319056625 
m.кан=1,99911002336189 m.оч=0,00800978974301925 Pобс=0,999555011680943

