Для базового варианта СМО с помощью стандартной программы рассчитать значения вероятностей Pk(t). Определить время переходного процесса для 5% трубки. Построить графики зависимости вероятностей, МО занятых каналов, средней длины очереди, вероятности обслуживания как функции времени.

Расчет Pk(t) с помощью программы:
Параметры системы

Интенсивность входного потока: 20
Число каналов обслуживания: 5
Интенсивность обслуживания заявок: 3
Число мест в очереди: 11

Время	P0	P1	P2	P3	P4	P5	P6	P7	P8	P9	P10	P11	P12	P13	P14	P15	P16	
0,0	1,00000	0,00000	0,00000	0,00000	0,00000	0,00000	0,00000	0,00000	0,00000	0,00000	0,00000	0,00000	0,00000	0,00000	0,00000	0,00000	0,00000	
0,1	0,17766	0,30698	0,26521	0,15274	0,06594	0,02257	0,00667	0,00173	0,00040	0,00008	0,00002	0,00000	0,00000	0,00000	0,00000	0,00000	0,00000	
0,2	0,04939	0,14857	0,22340	0,22377	0,16736	0,09786	0,05063	0,02347	0,00985	0,00377	0,00133	0,00043	0,00013	0,00004	0,00001	0,00000	0,00000	
0,3	0,01913	0,07565	0,14939	0,19598	0,19077	0,14381	0,09762	0,06030	0,03416	0,01787	0,00867	0,00393	0,00166	0,00066	0,00025	0,00008	0,00005	
0,4	0,00946	0,04395	0,10174	0,15586	0,17618	0,15352	0,12214	0,08951	0,06082	0,03852	0,02284	0,01272	0,00668	0,00331	0,00154	0,00064	0,00058	
0,5	0,00558	0,02867	0,07324	0,12336	0,15278	0,14571	0,12830	0,10509	0,08051	0,05796	0,03934	0,02525	0,01537	0,00886	0,00480	0,00228	0,00290	
0,6	0,00373	0,02043	0,05554	0,09935	0,13048	0,13208	0,12456	0,11015	0,09178	0,07232	0,05407	0,03843	0,02601	0,01674	0,01010	0,00533	0,00891	
0,7	0,00271	0,01550	0,04388	0,08167	0,11157	0,11769	0,11650	0,10885	0,09641	0,08120	0,06520	0,05001	0,03665	0,02558	0,01675	0,00962	0,02022	
0,8	0,00209	0,01229	0,03577	0,06840	0,09604	0,10435	0,10703	0,10418	0,09660	0,08558	0,07257	0,05899	0,04595	0,03415	0,02383	0,01472	0,03747	
0,9	0,00168	0,01007	0,02985	0,05818	0,08334	0,09256	0,09752	0,09795	0,09410	0,08669	0,07672	0,06526	0,05332	0,04165	0,03062	0,02016	0,06035	
1,0	0,00139	0,00844	0,02536	0,05013	0,07288	0,08232	0,08857	0,09117	0,09007	0,08560	0,07836	0,06913	0,05870	0,04773	0,03668	0,02559	0,08789	
1,1	0,00117	0,00719	0,02184	0,04364	0,06420	0,07348	0,08038	0,08438	0,08526	0,08309	0,07818	0,07104	0,06226	0,05238	0,04185	0,03080	0,11884	
1,2	0,00101	0,00622	0,01903	0,03834	0,05691	0,06583	0,07299	0,07786	0,08014	0,07972	0,07674	0,07147	0,06432	0,05572	0,04611	0,03567	0,15193	
1,3	0,00087	0,00543	0,01672	0,03392	0,05073	0,05920	0,06636	0,07174	0,07498	0,07589	0,07445	0,07080	0,06519	0,05798	0,04956	0,04014	0,18603	
1,4	0,00077	0,00479	0,01481	0,03020	0,04544	0,05341	0,06044	0,06607	0,06995	0,07184	0,07163	0,06936	0,06518	0,05937	0,05230	0,04422	0,22022	
1,5	0,00068	0,00425	0,01319	0,02703	0,04088	0,04835	0,05514	0,06085	0,06515	0,06776	0,06853	0,06742	0,06454	0,06009	0,05446	0,04792	0,25378	
1,6	0,00060	0,00379	0,01182	0,02430	0,03692	0,04389	0,05040	0,05608	0,06062	0,06375	0,06529	0,06517	0,06345	0,06032	0,05616	0,05126	0,28620	
1,7	0,00054	0,00340	0,01063	0,02193	0,03345	0,03995	0,04614	0,05172	0,05639	0,05989	0,06204	0,06276	0,06208	0,06019	0,05749	0,05428	0,31713	
1,8	0,00048	0,00306	0,00960	0,01987	0,03040	0,03645	0,04233	0,04775	0,05246	0,05622	0,05886	0,06028	0,06054	0,05981	0,05853	0,05700	0,34635	
1,9	0,00044	0,00277	0,00870	0,01805	0,02771	0,03334	0,03890	0,04414	0,04883	0,05277	0,05579	0,05782	0,05891	0,05927	0,05935	0,05947	0,37374	
2,0	0,00040	0,00251	0,00791	0,01645	0,02531	0,03056	0,03581	0,04085	0,04549	0,04954	0,05288	0,05543	0,05727	0,05863	0,05999	0,06169	0,39926	
2,1	0,00036	0,00229	0,00722	0,01503	0,02318	0,02807	0,03303	0,03787	0,04243	0,04655	0,05013	0,05313	0,05565	0,05793	0,06050	0,06370	0,42293	
2,2	0,00033	0,00209	0,00660	0,01377	0,02128	0,02584	0,03052	0,03516	0,03962	0,04379	0,04757	0,05096	0,05408	0,05721	0,06090	0,06552	0,44478	
2,3	0,00030	0,00191	0,00604	0,01264	0,01957	0,02384	0,02825	0,03269	0,03706	0,04124	0,04518	0,04892	0,05258	0,05649	0,06123	0,06716	0,46490	
2,4	0,00027	0,00175	0,00555	0,01163	0,01804	0,02203	0,02620	0,03046	0,03471	0,03890	0,04298	0,04701	0,05116	0,05579	0,06149	0,06865	0,48338	
2,5	0,00025	0,00161	0,00511	0,01072	0,01667	0,02040	0,02434	0,02842	0,03257	0,03675	0,04095	0,04524	0,04984	0,05511	0,06170	0,07000	0,50031	
2,6	0,00023	0,00148	0,00471	0,00990	0,01543	0,01893	0,02266	0,02658	0,03063	0,03478	0,03908	0,04361	0,04860	0,05447	0,06188	0,07122	0,51579	
2,7	0,00021	0,00137	0,00436	0,00917	0,01431	0,01760	0,02114	0,02490	0,02885	0,03299	0,03736	0,04210	0,04746	0,05387	0,06202	0,07233	0,52994	
2,8	0,00020	0,00127	0,00404	0,00850	0,01330	0,01640	0,01977	0,02338	0,02724	0,03135	0,03580	0,04072	0,04640	0,05331	0,06215	0,07334	0,54285	
2,9	0,00018	0,00117	0,00375	0,00791	0,01239	0,01531	0,01852	0,02200	0,02577	0,02986	0,03436	0,03945	0,04543	0,05278	0,06225	0,07425	0,55462	
3,0	0,00017	0,00109	0,00348	0,00737	0,01156	0,01433	0,01739	0,02075	0,02443	0,02850	0,03305	0,03829	0,04454	0,05230	0,06234	0,07507	0,56534	
3,1	0,00016	0,00102	0,00325	0,00688	0,01082	0,01344	0,01636	0,01961	0,02322	0,02726	0,03186	0,03723	0,04372	0,05185	0,06241	0,07582	0,57510	
3,2	0,00015	0,00095	0,00303	0,00643	0,01014	0,01263	0,01543	0,01858	0,02211	0,02613	0,03077	0,03626	0,04297	0,05144	0,06248	0,07650	0,58398	
3,3	0,00014	0,00089	0,00284	0,00603	0,00953	0,01190	0,01459	0,01764	0,02111	0,02511	0,02978	0,03538	0,04229	0,05107	0,06253	0,07712	0,59206	
3,4	0,00013	0,00083	0,00267	0,00567	0,00897	0,01123	0,01382	0,01679	0,02020	0,02417	0,02888	0,03458	0,04167	0,05073	0,06258	0,07768	0,59941	
3,5	0,00012	0,00078	0,00251	0,00534	0,00847	0,01063	0,01313	0,01601	0,01937	0,02333	0,02806	0,03385	0,04110	0,05041	0,06262	0,07818	0,60608	
3,6	0,00011	0,00073	0,00236	0,00504	0,00802	0,01008	0,01250	0,01531	0,01862	0,02256	0,02731	0,03318	0,04058	0,05012	0,06266	0,07864	0,61215	
3,7	0,00011	0,00069	0,00223	0,00477	0,00760	0,00959	0,01192	0,01468	0,01794	0,02186	0,02664	0,03258	0,04011	0,04986	0,06270	0,07906	0,61766	
3,8	0,00010	0,00066	0,00212	0,00453	0,00723	0,00914	0,01141	0,01410	0,01732	0,02122	0,02602	0,03203	0,03969	0,04963	0,06273	0,07944	0,62267	

Время переходного процесса = 3,8c.


	 Значение	 -2.5%		 +2.5%	
P0	 0,00010	 0,00010	 0,00010	 
P1	 0,00065	 0,00064	 0,00067	 
P2	 0,00217	 0,00212	 0,00223	 
P3	 0,00483	 0,00471	 0,00495	 
P4	 0,00805	 0,00785	 0,00825	 
P5	 0,01073	 0,01046	 0,01100	 
P6	 0,01431	 0,01395	 0,01467	 
P7	 0,01908	 0,01860	 0,01956	 
P8	 0,02544	 0,02480	 0,02607	 
P9	 0,03392	 0,03307	 0,03477	 
P10	 0,04522	 0,04409	 0,04635	 
P11	 0,06030	 0,05879	 0,06181	 
P12	 0,08040	 0,07839	 0,08241	 
P13	 0,10720	 0,10452	 0,10988	 
P14	 0,14293	 0,13936	 0,14650	 
P15	 0,19057	 0,18581	 0,19534	 
P16	 0,25410	 0,24775	 0,26045	 


Математическое ожидание числа занятых каналов

t	0,0	0,1	0,2	0,3	0,4	0,5	0,6	0,7	0,8	0,9	1,0	1,1	1,2	1,3	1,4	1,5	1,6	1,7	1,8	1,9	2,0	2,1	2,2	2,3	2,4	2,5	2,6	2,7	2,8	2,9	3,0	3,1	3,2	3,3	3,4	3,5	3,6	3,7	3,8	
m.оч	0,00000	1,71673	2,87366	3,57083	3,98381	4,23818	4,40386	4,51789	4,60023	4,66209	4,71010	4,74833	4,77943	4,80516	4,82676	4,84511	4,86086	4,87449	4,88638	4,89681	4,90601	4,91416	4,92141	4,92788	4,93367	4,93887	4,94353	4,94774	4,95153	4,95495	4,95804	4,96083	4,96336	4,96565	4,96772	4,96960	4,97130	4,97284	4,97424	


Средняя длина очереди

t	0,0	0,1	0,2	0,3	0,4	0,5	0,6	0,7	0,8	0,9	1,0	1,1	1,2	1,3	1,4	1,5	1,6	1,7	1,8	1,9	2,0	2,1	2,2	2,3	2,4	2,5	2,6	2,7	2,8	2,9	3,0	3,1	3,2	3,3	3,4	3,5	3,6	3,7	3,8	
m.оч	0,00000	0,01176	0,15274	0,47967	0,92809	1,43640	1,96864	2,50482	3,03292	3,54500	4,03563	4,50118	4,93945	5,34935	5,73067	6,08385	6,40978	6,70968	6,98495	7,23712	7,46775	7,67839	7,87058	8,04577	8,20535	8,35061	8,48278	8,60299	8,71228	8,81161	8,90188	8,98389	9,05839	9,12606	9,18751	9,24331	9,29399	9,34000	9,38177	


Вероятность обслуживания как функция времени

t	0,0	0,1	0,2	0,3	0,4	0,5	0,6	0,7	0,8	0,9	1,0	1,1	1,2	1,3	1,4	1,5	1,6	1,7	1,8	1,9	2,0	2,1	2,2	2,3	2,4	2,5	2,6	2,7	2,8	2,9	3,0	3,1	3,2	3,3	3,4	3,5	3,6	3,7	3,8	
Р.обс	1,00000	1,00000	1,00000	0,99995	0,99942	0,99710	0,99109	0,97978	0,96253	0,93965	0,91211	0,88116	0,84807	0,81397	0,77978	0,74622	0,71380	0,68287	0,65365	0,62626	0,60074	0,57707	0,55522	0,53510	0,51662	0,49969	0,48421	0,47006	0,45715	0,44538	0,43466	0,42490	0,41602	0,40794	0,40059	0,39392	0,38785	0,38234	0,37733	


Расчитать основные характеристики СМО в стационарном режиме по формулам финальных вероятностей. Сравнить полученные результаты.
Т.К. число состояний СМО конечно, то в ней существет стационарный режим, и выражения для финальных вероятностей могут быть записаны в следующем виде:

P0 = 9,77943414536316E-05
P1 = 0,000651962276357544
P2 = 0,00217320758785848
P3 = 0,00482935019524107
P4 = 0,00804891699206845
P5 = 0,0107318893227579
P6 = 0,0143091857636772
P7 = 0,0190789143515697
P8 = 0,0254385524687596
P9 = 0,0339180699583461
P10 = 0,0452240932777948
P11 = 0,0602987910370597
P12 = 0,0803983880494129
P13 = 0,107197850732551
P14 = 0,142930467643401
P15 = 0,190573956857868
P16 = 0,254098609143824

И в сумме они дают единицу.
Расчитываю основные характеристики:
Мат. ожидание канала = 4,97267593904118
Мат. ожидание очереди = 8,25993816447545
Вероятность обслуживания = 0,745901390856176


n = 1, m = 11
P0=1,10284387209178E-10 P1=7,35229248061183E-10 P2=4,90152832040789E-09 P3=3,26768554693859E-08 P4=2,1784570312924E-07 P5=1,45230468752826E-06 P6=9,68203125018843E-06 P7=6,45468750012562E-05 P8=0,000430312500008375 P9=0,00286875000005583 P10=0,0191250000003722 P11=0,127500000002481 P12=0,850000000016542 
m.кан=0,999999999889715 m.оч=10,823529412128 Pобс=0,149999999983458

n = 2, m = 11
P0=5,58013107827453E-08 P1=3,72008738551635E-07 P2=1,24002912850545E-06 P3=4,13343042835151E-06 P4=1,37781014278384E-05 P5=4,59270047594612E-05 P6=0,000153090015864871 P7=0,000510300052882902 P8=0,00170100017627634 P9=0,0056700005875878 P10=0,018900001958626 P11=0,0630000065287534 P12=0,210000021762511 P13=0,700000072541704 
m.кан=1,99999951638864 m.оч=10,5714304261578 Pобс=0,299999927458296

n = 3, m = 11
P0=1,70660558284128E-06 P1=1,13773705522752E-05 P2=3,79245685075839E-05 P3=8,42768189057421E-05 P4=0,000187281819790538 P5=0,000416181821756751 P6=0,00092484849279278 P7=0,00205521887287284 P8=0,00456715305082854 P9=0,0101492290018412 P10=0,0225538422263138 P11=0,0501196493918084 P12=0,111376998648463 P13=0,247504441441029 P14=0,550009869868954 
m.кан=2,99993420087364 m.оч=10,182126267222 Pобс=0,449990130131046

n = 4, m = 11
P0=1,76456841517761E-05 P1=0,000117637894345174 P2=0,000392126314483912 P3=0,00087139180996425 P4=0,00145231968327375 P5=0,00242053280545625 P6=0,00403422134242708 P7=0,00672370223737847 P8=0,0112061703956308 P9=0,0186769506593846 P10=0,0311282510989744 P11=0,0518804184982907 P12=0,0864673641638178 P13=0,144112273606363 P14=0,240187122677272 P15=0,400311871128786 
m.кан=3,99792085914142 m.оч=9,51285313812095 Pобс=0,599688128871214

n = 5, m = 11
P0=9,77943414536316E-05 P1=0,000651962276357544 P2=0,00217320758785848 P3=0,00482935019524107 P4=0,00804891699206845 P5=0,0107318893227579 P6=0,0143091857636772 P7=0,0190789143515697 P8=0,0254385524687596 P9=0,0339180699583461 P10=0,0452240932777948 P11=0,0602987910370597 P12=0,0803983880494129 P13=0,107197850732551 P14=0,142930467643401 P15=0,190573956857868 P16=0,254098609143824 
m.кан=4,97267593904118 m.оч=8,25993816447545 Pобс=0,745901390856176

